1 3 5 5 3 3 2 1 2 3 2 1
2 3 4 3 2 1 1 2 5 3
5 5 5 3 3 3 2 3 2 1
1 2 2 2 3 2 1 1
3 4 3 2 2 5 5 3 2 2 2 5 3 2 1
5 3 3 2 2 1 1

1 1 8 7 5 2 2 2 5 3
1 1 5 5 4 3 3 3 2 1 1
5 5 4 3 3 2 2 2 2 3 2 2 1 0
1 1 5 3
1 5 3 2 2 1 2 1 2 1
5 5 4 3 2 1 3 4 3 2 1 0
1 1 1 0 1 1 1 1 2 1 0 1 1 1 2 1 0 1 1 1 0 4 5 4 3 4 3 1 2 2 3
0 1 1 2 1 0 1 1 1
1 2 1 0 1 1 1 0 0 5 4 3 4 3 1 2
0 1 3 3 1 0 1 0 [now-its-fine]
0 0 0 3 1 0 [and-I-sleep-with-guys] 1 0 0 0 1 0 0 1 3 0 5 4 3 2 1 2 2 2 3 0 5 2 1 2 3 2 1 1 2 1 1 2 3 2 2 2 1 2

E - 5
D - 4
C#- 3
B - 2 
A - 1